6566#6200000000000000
6200000006200000
6200000000620000
6200000000062000
6200000006262000
6200000000006200
6200000006206200
6200000000626200
6200000000000620
6200000006200620
6200000000620620
6200000000062620
6200000006262620
6200000000000062
6200000006200062
6200000000620062
6200000000062062
6200000000006262
6200000006262062
6200000006206262
6200000000626262
6200000000000006
6200000006200006
6200000000620006
6200000000062006
6200000000006206
6200000000000626
6200000006262006
6200000006206206
6200000000626206
6200000006200626
6200000000620626
6200000000062626
6200000006262626
6262000000000000
6262000006200000
6262000000620000
6262000000062000
6262000006262000
6262000000006200
6262000006206200
6262000000626200
6262000000000620
6262000006200620
6262000000620620
6262000000062620
6262000006262620
6262000000000062
6262000006200062
6262000000620062
6262000000062062
6262000000006262
6262000006262062
6262000006206262
6262000000626262
6262000000000006
6262000006200006
6262000000620006
6262000000062006
6262000000006206
6262000000000626
6262000006262006
6262000006206206
6262000000626206
6262000006200626
6262000000620626
6262000000062626
6262000006262626
6206200000000000
6206200006200000
6206200000620000
6206200000062000
6206200006262000
6206200000006200
6206200006206200
6206200000626200
6206200000000620
6206200006200620
6206200000620620
6206200000062620
6206200006262620
6206200000000062
6206200006200062
6206200000620062
6206200000062062
6206200000006262
6206200006262062
6206200006206262
6206200000626262
6206200000000006
6206200006200006
6206200000620006
6206200000062006
6206200000006206
6206200000000626
6206200006262006
6206200006206206
6206200000626206
6206200006200626
6206200000620626
6206200000062626
6206200006262626
6562000000000000
6562000006200000
6562000000620000
6562000000062000
6562000006262000
6562000000006200
6562000006206200
6562000000626200
6562000000000620
6562000006200620
6562000000620620
6562000000062620
6562000006262620
6562000000000062
6562000006200062
6562000000620062
6562000000062062
6562000000006262
6562000006262062
6562000006206262
6562000000626262
6562000000000006
6562000006200006
6562000000620006
6562000000062006
6562000000006206
6562000000000626
6562000006262006
6562000006206206
6562000000626206
6562000006200626
6562000000620626
6562000000062626
6562000006262626
6566062000000000
6566062006200000
6566062000620000
6566062000062000
6566062006262000
6566062000006200
6566062006206200
6566062000626200
6566062000000620
6566062006200620
6566062000620620
6566062000062620
6566062006262620
6566062000000062
6566062006200062
6566062000620062
6566062000062062
6566062000006262
6566062006262062
6566062006206262
6566062000626262
6566062000000006
6566062006200006
6566062000620006
6566062000062006
6566062000006206
6566062000000626
6566062006262006
6566062006206206
6566062000626206
6566062006200626
6566062000620626
6566062000062626
6566062006262626
6566620000000000
6566620006200000
6566620000620000
6566620000062000
6566620006262000
6566620000006200
6566620006206200
6566620000626200
6566620000000620
6566620006200620
6566620000620620
6566620000062620
6566620006262620
6566620000000062
6566620006200062
6566620000620062
6566620000062062
6566620000006262
6566620006262062
6566620006206262
6566620000626262
6566620000000006
6566620006200006
6566620000620006
6566620000062006
6566620000006206
6566620000000626
6566620006262006
6566620006206206
6566620000626206
6566620006200626
6566620000620626
6566620000062626
6566620006262626
6200620000000000
6200620006200000
6200620000620000
6200620000062000
6200620006262000
6200620000006200
6200620006206200
6200620000626200
6200620000000620
6200620006200620
6200620000620620
6200620000062620
6200620006262620
6200620000000062
6200620006200062
6200620000620062
6200620000062062
6200620000006262
6200620006262062
6200620006206262
6200620000626262
6200620000000006
6200620006200006
6200620000620006
6200620000062006
6200620000006206
6200620000000626
6200620006262006
6200620006206206
6200620000626206
6200620006200626
6200620000620626
6200620000062626
6200620006262626
6566200000000000
6566200006200000
6566200000620000
6566200000062000
6566200006262000
6566200000006200
6566200006206200
6566200000626200
6566200000000620
6566200006200620
6566200000620620
6566200000062620
6566200006262620
6566200000000062
6566200006200062
6566200000620062
6566200000062062
6566200000006262
6566200006262062
6566200006206262
6566200000626262
6566200000000006
6566200006200006
6566200000620006
6566200000062006
6566200000006206
6566200000000626
6566200006262006
6566200006206206
6566200000626206
6566200006200626
6566200000620626
6566200000062626
6566200006262626
6262620000000000
6262620006200000
6262620000620000
6262620000062000
6262620006262000
6262620000006200
6262620006206200
6262620000626200
6262620000000620
6262620006200620
6262620000620620
6262620000062620
6262620006262620
6262620000000062
6262620006200062
6262620000620062
6262620000062062
6262620000006262
6262620006262062
6262620006206262
6262620000626262
6262620000000006
6262620006200006
6262620000620006
6262620000062006
6262620000006206
6262620000000626
6262620006262006
6262620006206206
6262620000626206
6262620006200626
6262620000620626
6262620000062626
6262620006262626
6562620000000000
6562620006200000
6562620000620000
6562620000062000
6562620006262000
6562620000006200
6562620006206200
6562620000626200
6562620000000620
6562620006200620
6562620000620620
6562620000062620
6562620006262620
6562620000000062
6562620006200062
6562620000620062
6562620000062062
6562620000006262
6562620006262062
6562620006206262
6562620000626262
6562620000000006
6562620006200006
6562620000620006
6562620000062006
6562620000006206
6562620000000626
6562620006262006
6562620006206206
6562620000626206
6562620006200626
6562620000620626
6562620000062626
6562620006262626
6200062000000000
6200062006200000
6200062000620000
6200062000062000
6200062006262000
6200062000006200
6200062006206200
6200062000626200
6200062000000620
6200062006200620
6200062000620620
6200062000062620
6200062006262620
6200062000000062
6200062006200062
6200062000620062
6200062000062062
6200062000006262
6200062006262062
6200062006206262
6200062000626262
6200062000000006
6200062006200006
6200062000620006
6200062000062006
6200062000006206
6200062000000626
6200062006262006
6200062006206206
6200062000626206
6200062006200626
6200062000620626
6200062000062626
6200062006262626
6566006200000000
6566066206200000
6566066200620000
6566066200062000
6566066206262000
6566066200006200
6566066206206200
6566066200626200
6566066200000620
6566066206200620
6566066200620620
6566066200062620
6566066206262620
6566066200000062
6566066206200062
6566066200620062
6566066200062062
6566066200006262
6566066206262062
6566066206206262
6566066200626262
6566066200000006
6566066206200006
6566066200620006
6566066200062006
6566066200006206
6566066200000626
6566066206262006
6566066206206206
6566066200626206
6566066206200626
6566066200620626
6566066200062626
6566066206262626
6262062000000000
6262062006200000
6262062000620000
6262062000062000
6262062006262000
6262062000006200
6262062006206200
6262062000626200
6262062000000620
6262062006200620
6262062000620620
6262062000062620
6262062006262620
6262062000000062
6262062006200062
6262062000620062
6262062000062062
6262062000006262
6262062006262062
6262062006206262
6262062000626262
6262062000000006
6262062006200006
6262062000620006
6262062000062006
6262062000006206
6262062000000626
6262062006262006
6262062006206206
6262062000626206
6262062006200626
6262062000620626
6262062000062626
6262062006262626
6206262000000000
6206262006200000
6206262000620000
6206262000062000
6206262006262000
6206262000006200
6206262006206200
6206262000626200
6206262000000620
6206262006200620
6206262000620620
6206262000062620
6206262006262620
6206262000000062
6206262006200062
6206262000620062
6206262000062062
6206262000006262
6206262006262062
6206262006206262
6206262000626262
6206262000000006
6206262006200006
6206262000620006
6206262000062006
6206262000006206
6206262000000626
6206262006262006
6206262006206206
6206262000626206
6206262006200626
6206262000620626
6206262000062626
6206262006262626
6562062000000000
6562062006200000
6562062000620000
6562062000062000
6562062006262000
6562062000006200
6562062006206200
6562062000626200
6562062000000620
6562062006200620
6562062000620620
6562062000062620
6562062006262620
6562062000000062
6562062006200062
6562062000620062
6562062000062062
6562062000006262
6562062006262062
6562062006206262
6562062000626262
6562062000000006
6562062006200006
6562062000620006
6562062000062006
6562062000006206
6562062000000626
6562062006262006
6562062006206206
6562062000626206
6562062006200626
6562062000620626
6562062000062626
6562062006262626
6566262000000000
6566262006200000
6566262000620000
6566262000062000
6566262006262000
6566262000006200
6566262006206200
6566262000626200
6566262000000620
6566262006200620
6566262000620620
6566262000062620
6566262006262620
6566262000000062
6566262006200062
6566262000620062
6566262000062062
6566262000006262
6566262006262062
6566262006206262
6566262000626262
6566262000000006
6566262006200006
6566262000620006
6566262000062006
6566262000006206
6566262000000626
6566262006262006
6566262006206206
6566262000626206
6566262006200626
6566262000620626
6566262000062626
6566262006262626
6200006200000000
6200006206200000
6200006200620000
6200006200062000
6200006206262000
6200006200006200
6200006206206200
6200006200626200
6200006200000620
6200006206200620
6200006200620620
6200006200062620
6200006206262620
6200006200000062
6200006206200062
6200006200620062
6200006200062062
6200006200006262
6200006206262062
6200006206206262
6200006200626262
6200006200000006
6200006206200006
6200006200620006
6200006200062006
6200006200006206
6200006200000626
6200006206262006
6200006206206206
6200006200626206
6200006206200626
6200006200620626
6200006200062626
6200006206262626
6566060620000000
6566066626200000
6566066620620000
6566066620062000
6566066626262000
6566066620006200
6566066626206200
6566066620626200
6566066620000620
6566066626200620
6566066620620620
6566066620062620
6566066626262620
6566066620000062
6566066626200062
6566066620620062
6566066620062062
6566066620006262
6566066626262062
6566066626206262
6566066620626262
6566066620000006
6566066626200006
6566066620620006
6566066620062006
6566066620006206
6566066620000626
6566066626262006
6566066626206206
6566066620626206
6566066626200626
6566066620620626
6566066620062626
6566066626262626
6566066662000000
6566066660620000
6566066666200000
6566066660062000
6566066662620000
6566066660606200
6566066660666620
6566066662062000
6566066666262000
6566066660660662
6566066660666666
6566066662006200
6566066660626200
6566066666206200
6566066662626200
6566066660666066
6566066660666666
6566066662000620
6566066660620620
6566066666200620
6566066660662620
6566066662620620
6566066662062620
6566066666262620
6566066660666606
6566066660666666
6566066662000062
6566066660620062
6566066666200062
6566066660662062
6566066660666262
6566066662620062
6566066662062062
6566066666262062
6566066662006262
6566066660626262
6566066666206262
6566066662626262
6566066660666660
6566066660666666
6566066662000006
6566066660620006
6566066666200006
6566066660662006
6566066660666206
6566066660666626
6566066662620006
6566066662062006
6566066666262006
6566066662006206
6566066660626206
6566066666206206
6566066662000626
6566066660620626
6566066666200626
6566066660662626
6566066662626206
6566066662620626
6566066662062626
6566066666262626
6262006200000000
6262006206200000
6262006200620000
6262006200062000
6262006206262000
6262006200006200
6262006206206200
6262006200626200
6262006200000620
6262006206200620
6262006200620620
6262006200062620
6262006206262620
6262006200000062
6262006206200062
6262006200620062
6262006200062062
6262006200006262
6262006206262062
6262006206206262
6262006200626262
6262006200000006
6262006206200006
6262006200620006
6262006200062006
6262006200006206
6262006200000626
6262006206262006
6262006206206206
6262006200626206
6262006206200626
6262006200620626
6262006200062626
6262006206262626
6206206200000000
6206206206200000
6206206200620000
6206206200062000
6206206206262000
6206206200006200
6206206206206200
6206206200626200
6206206200000620
6206206206200620
6206206200620620
6206206200062620
6206206206262620
6206206200000062
6206206206200062
6206206200620062
6206206200062062
6206206200006262
6206206206262062
6206206206206262
6206206200626262
6206206200000006
6206206206200006
6206206200620006
6206206200062006
6206206200006206
6206206200000626
6206206206262006
6206206206206206
6206206200626206
6206206206200626
6206206200620626
6206206200062626
6206206206262626
6562006200000000
6562006206200000
6562006200620000
6562006200062000
6562006206262000
6562006200006200
6562006206206200
6562006200626200
6562006200000620
6562006206200620
6562006200620620
6562006200062620
6562006206262620
6562006200000062
6562006206200062
6562006200620062
6562006200062062
6562006200006262
6562006206262062
6562006206206262
6562006200626262
6562006200000006
6562006206200006
6562006200620006
6562006200062006
6562006200006206
6562006200000626
6562006206262006
6562006206206206
6562006200626206
6562006206200626
6562006200620626
6562006200062626
6562006206262626
6566626200000000
6566626206200000
6566626200620000
6566626200062000
6566626206262000
6566626200006200
6566626206206200
6566626200626200
6566626200000620
6566626206200620
6566626200620620
6566626200062620
6566626206262620
6566626200000062
6566626206200062
6566626200620062
6566626200062062
6566626200006262
6566626206262062
6566626206206262
6566626200626262
6566626200000006
6566626206200006
6566626200620006
6566626200062006
6566626200006206
6566626200000626
6566626206262006
6566626206206206
6566626200626206
6566626206200626
6566626200620626
6566626200062626
6566626206262626
6200626200000000
6200626206200000
6200626200620000
6200626200062000
6200626206262000
6200626200006200
6200626206206200
6200626200626200
6200626200000620
6200626206200620
6200626200620620
6200626200062620
6200626206262620
6200626200000062
6200626206200062
6200626200620062
6200626200062062
6200626200006262
6200626206262062
6200626206206262
6200626200626262
6200626200000006
6200626206200006
6200626200620006
6200626200062006
6200626200006206
6200626200000626
6200626206262006
6200626206206206
6200626200626206
6200626206200626
6200626200620626
6200626200062626
6200626206262626
6566206200000000
6566206206200000
6566206200620000
6566206200062000
6566206206262000
6566206200006200
6566206206206200
6566206200626200
6566206200000620
6566206206200620
6566206200620620
6566206200062620
6566206206262620
6566206200000062
6566206206200062
6566206200620062
6566206200062062
6566206200006262
6566206206262062
6566206206206262
6566206200626262
6566206200000006
6566206206200006
6566206200620006
6566206200062006
6566206200006206
6566206200000626
6566206206262006
6566206206206206
6566206200626206
6566206206200626
6566206200620626
6566206200062626
6566206206262626
6262626200000000
6262626206200000
6262626200620000
6262626200062000
6262626206262000
6262626200006200
6262626206206200
6262626200626200
6262626200000620
6262626206200620
6262626200620620
6262626200062620
6262626206262620
6262626200000062
6262626206200062
6262626200620062
6262626200062062
6262626200006262
6262626206262062
6262626206206262
6262626200626262
6262626200000006
6262626206200006
6262626200620006
6262626200062006
6262626200006206
6262626200000626
6262626206262006
6262626206206206
6262626200626206
6262626206200626
6262626200620626
6262626200062626
6262626206262626
6562626200000000
6562626206200000
6562626200620000
6562626200062000
6562626206262000
6562626200006200
6562626206206200
6562626200626200
6562626200000620
6562626206200620
6562626200620620
6562626200062620
6562626206262620
6562626200000062
6562626206200062
6562626200620062
6562626200062062
6562626200006262
6562626206262062
6562626206206262
6562626200626262
6562626200000006
6562626206200006
6562626200620006
6562626200062006
6562626200006206
6562626200000626
6562626206262006
6562626206206206
6562626200626206
6562626206200626
6562626200620626
6562626200062626
6562626206262626
6200000620000000
6200000626200000
6200000620620000
6200000620062000
6200000626262000
6200000620006200
6200000626206200
6200000620626200
6200000620000620
6200000626200620
6200000620620620
6200000620062620
6200000626262620
6200000620000062
6200000626200062
6200000620620062
6200000620062062
6200000620006262
6200000626262062
6200000626206262
6200000620626262
6200000620000006
6200000626200006
6200000620620006
6200000620062006
6200000620006206
6200000620000626
6200000626262006
6200000626206206
6200000620626206
6200000626200626
6200000620620626
6200000620062626
6200000626262626
656606606
656606666
6262000620000000
6262000626200000
6262000620620000
6262000620062000
6262000626262000
6262000620006200
6262000626206200
6262000620626200
6262000620000620
6262000626200620
6262000620620620
6262000620062620
6262000626262620
6262000620000062
6262000626200062
6262000620620062
6262000620062062
6262000620006262
6262000626262062
6262000626206262
6262000620626262
6262000620000006
6262000626200006
6262000620620006
6262000620062006
6262000620006206
6262000620000626
6262000626262006
6262000626206206
6262000620626206
6262000626200626
6262000620620626
6262000620062626
6262000626262626
6206200620000000
6206200626200000
6206200620620000
6206200620062000
6206200626262000
6206200620006200
6206200626206200
6206200620626200
6206200620000620
6206200626200620
6206200620620620
6206200620062620
6206200626262620
6206200620000062
6206200626200062
6206200620620062
6206200620062062
6206200620006262
6206200626262062
6206200626206262
6206200620626262
6206200620000006
6206200626200006
6206200620620006
6206200620062006
6206200620006206
6206200620000626
6206200626262006
6206200626206206
6206200620626206
6206200626200626
6206200620620626
6206200620062626
6206200626262626
6562000620000000
6562000626200000
6562000620620000
6562000620062000
6562000626262000
6562000620006200
6562000626206200
6562000620626200
6562000620000620
6562000626200620
6562000620620620
6562000620062620
6562000626262620
6562000620000062
6562000626200062
6562000620620062
6562000620062062
6562000620006262
6562000626262062
6562000626206262
6562000620626262
6562000620000006
6562000626200006
6562000620620006
6562000620062006
6562000620006206
6562000620000626
6562000626262006
6562000626206206
6562000620626206
6562000626200626
6562000620620626
6562000620062626
6562000626262626
6566062620000000
6566062626200000
6566062620620000
6566062620062000
6566062626262000
6566062620006200
6566062626206200
6566062620626200
6566062620000620
6566062626200620
6566062620620620
6566062620062620
6566062626262620
6566062620000062
6566062626200062
6566062620620062
6566062620062062
6566062620006262
6566062626262062
6566062626206262
6566062620626262
6566062620000006
6566062626200006
6566062620620006
6566062620062006
6566062620006206
6566062620000626
6566062626262006
6566062626206206
6566062620626206
6566062626200626
6566062620620626
6566062620062626
6566062626262626
6566620620000000
6566620626200000
6566620620620000
6566620620062000
6566620626262000
6566620620006200
6566620626206200
6566620620626200
6566620620000620
6566620626200620
6566620620620620
6566620620062620
6566620626262620
6566620620000062
6566620626200062
6566620620620062
6566620620062062
6566620620006262
6566620626262062
6566620626206262
6566620620626262
6566620620000006
6566620626200006
6566620620620006
6566620620062006
6566620620006206
6566620620000626
6566620626262006
6566620626206206
6566620620626206
6566620626200626
6566620620620626
6566620620062626
6566620626262626
6200620620000000
6200620626200000
6200620620620000
6200620620062000
6200620626262000
6200620620006200
6200620626206200
6200620620626200
6200620620000620
6200620626200620
6200620620620620
6200620620062620
6200620626262620
6200620620000062
6200620626200062
6200620620620062
6200620620062062
6200620620006262
6200620626262062
6200620626206262
6200620620626262
6200620620000006
6200620626200006
6200620620620006
6200620620062006
6200620620006206
6200620620000626
6200620626262006
6200620626206206
6200620620626206
6200620626200626
6200620620620626
6200620620062626
6200620626262626
6566200620000000
6566200626200000
6566200620620000
6566200620062000
6566200626262000
6566200620006200
6566200626206200
6566200620626200
6566200620000620
6566200626200620
6566200620620620
6566200620062620
6566200626262620
6566200620000062
6566200626200062
6566200620620062
6566200620062062
6566200620006262
6566200626262062
6566200626206262
6566200620626262
6566200620000006
6566200626200006
6566200620620006
6566200620062006
6566200620006206
6566200620000626
6566200626262006
6566200626206206
6566200620626206
6566200626200626
6566200620620626
6566200620062626
6566200626262626
6200062620000000
6200062626200000
6200062620620000
6200062620062000
6200062626262000
6200062620006200
6200062626206200
6200062620626200
6200062620000620
6200062626200620
6200062620620620
6200062620062620
6200062626262620
6200062620000062
6200062626200062
6200062620620062
6200062620062062
6200062620006262
6200062626262062
6200062626206262
6200062620626262
6200062620000006
6200062626200006
6200062620620006
6200062620062006
6200062620006206
6200062620000626
6200062626262006
6200062626206206
6200062620626206
6200062626200626
6200062620620626
6200062620062626
6200062626262626
6262620620000000
6262620626200000
6262620620620000
6262620620062000
6262620626262000
6262620620006200
6262620626206200
6262620620626200
6262620620000620
6262620626200620
6262620620620620
6262620620062620
6262620626262620
6262620620000062
6262620626200062
6262620620620062
6262620620062062
6262620620006262
6262620626262062
6262620626206262
6262620620626262
6262620620000006
6262620626200006
6262620620620006
6262620620062006
6262620620006206
6262620620000626
6262620626262006
6262620626206206
6262620620626206
6262620626200626
6262620620620626
6262620620062626
6262620626262626
6562620620000000
6562620626200000
6562620620620000
6562620620062000
6562620626262000
6562620620006200
6562620626206200
6562620620626200
6562620620000620
6562620626200620
6562620620620620
6562620620062620
6562620626262620
6562620620000062
6562620626200062
6562620620620062
6562620620062062
6562620620006262
6562620626262062
6562620626206262
6562620620626262
6562620620000006
6562620626200006
6562620620620006
6562620620062006
6562620620006206
6562620620000626
6562620626262006
6562620626206206
6562620620626206
6562620626200626
6562620620620626
6562620620062626
6562620626262626
6262062620000000
6262062626200000
6262062620620000
6262062620062000
6262062626262000
6262062620006200
6262062626206200
6262062620626200
6262062620000620
6262062626200620
6262062620620620
6262062620062620
6262062626262620
6262062620000062
6262062626200062
6262062620620062
6262062620062062
6262062620006262
6262062626262062
6262062626206262
6262062620626262
6262062620000006
6262062626200006
6262062620620006
6262062620062006
6262062620006206
6262062620000626
6262062626262006
6262062626206206
6262062620626206
6262062626200626
6262062620620626
6262062620062626
6262062626262626
6206262620000000
6206262626200000
6206262620620000
6206262620062000
6206262626262000
6206262620006200
6206262626206200
6206262620626200
6206262620000620
6206262626200620
6206262620620620
6206262620062620
6206262626262620
6206262620000062
6206262626200062
6206262620620062
6206262620062062
6206262620006262
6206262626262062
6206262626206262
6206262620626262
6206262620000006
6206262626200006
6206262620620006
6206262620062006
6206262620006206
6206262620000626
6206262626262006
6206262626206206
6206262620626206
6206262626200626
6206262620620626
6206262620062626
6206262626262626
6562062620000000
6562062626200000
6562062620620000
6562062620062000
6562062626262000
6562062620006200
6562062626206200
6562062620626200
6562062620000620
6562062626200620
6562062620620620
6562062620062620
6562062626262620
6562062620000062
6562062626200062
6562062620620062
6562062620062062
6562062620006262
6562062626262062
6562062626206262
6562062620626262
6562062620000006
6562062626200006
6562062620620006
6562062620062006
6562062620006206
6562062620000626
6562062626262006
6562062626206206
6562062620626206
6562062626200626
6562062620620626
6562062620062626
6562062626262626
6566262620000000
6566262626200000
6566262620620000
6566262620062000
6566262626262000
6566262620006200
6566262626206200
6566262620626200
6566262620000620
6566262626200620
6566262620620620
6566262620062620
6566262626262620
6566262620000062
6566262626200062
6566262620620062
6566262620062062
6566262620006262
6566262626262062
6566262626206262
6566262620626262
6566262620000006
6566262626200006
6566262620620006
6566262620062006
6566262620006206
6566262620000626
6566262626262006
6566262626206206
6566262620626206
6566262626200626
6566262620620626
6566262620062626
6566262626262626
6200000062000000
6200000062620000
6200000062062000
6200000062006200
6200000062626200
6200000062000620
6200000062620620
6200000062062620
6200000062000062
6200000062620062
6200000062062062
6200000062006262
6200000062626262
6200000062000006
6200000062620006
6200000062062006
6200000062006206
6200000062000626
6200000062626206
6200000062620626
6200000062062626
656606660
656606666
6262000062000000
6262000062620000
6262000062062000
6262000062006200
6262000062626200
6262000062000620
6262000062620620
6262000062062620
6262000062000062
6262000062620062
6262000062062062
6262000062006262
6262000062626262
6262000062000006
6262000062620006
6262000062062006
6262000062006206
6262000062000626
6262000062626206
6262000062620626
6262000062062626
6206200062000000
6206200062620000
6206200062062000
6206200062006200
6206200062626200
6206200062000620
6206200062620620
6206200062062620
6206200062000062
6206200062620062
6206200062062062
6206200062006262
6206200062626262
6206200062000006
6206200062620006
6206200062062006
6206200062006206
6206200062000626
6206200062626206
6206200062620626
6206200062062626
6562000062000000
6562000062620000
6562000062062000
6562000062006200
6562000062626200
6562000062000620
6562000062620620
6562000062062620
6562000062000062
6562000062620062
6562000062062062
6562000062006262
6562000062626262
6562000062000006
6562000062620006
6562000062062006
6562000062006206
6562000062000626
6562000062626206
6562000062620626
6562000062062626
6566062062000000
6566062062620000
6566062062062000
6566062062006200
6566062062626200
6566062062000620
6566062062620620
6566062062062620
6566062062000062
6566062062620062
6566062062062062
6566062062006262
6566062062626262
6566062062000006
6566062062620006
6566062062062006
6566062062006206
6566062062000626
6566062062626206
6566062062620626
6566062062062626
6566620062000000
6566620062620000
6566620062062000
6566620062006200
6566620062626200
6566620062000620
6566620062620620
6566620062062620
6566620062000062
6566620062620062
6566620062062062
6566620062006262
6566620062626262
6566620062000006
6566620062620006
6566620062062006
6566620062006206
6566620062000626
6566620062626206
6566620062620626
6566620062062626
6200620062000000
6200620062620000
6200620062062000
6200620062006200
6200620062626200
6200620062000620
6200620062620620
6200620062062620
6200620062000062
6200620062620062
6200620062062062
6200620062006262
6200620062626262
6200620062000006
6200620062620006
6200620062062006
6200620062006206
6200620062000626
6200620062626206
6200620062620626
6200620062062626
6566200062000000
6566200062620000
6566200062062000
6566200062006200
6566200062626200
6566200062000620
6566200062620620
6566200062062620
6566200062000062
6566200062620062
6566200062062062
6566200062006262
6566200062626262
6566200062000006
6566200062620006
6566200062062006
6566200062006206
6566200062000626
6566200062626206
6566200062620626
6566200062062626
6200062062000000
6200062062620000
6200062062062000
6200062062006200
6200062062626200
6200062062000620
6200062062620620
6200062062062620
6200062062000062
6200062062620062
6200062062062062
6200062062006262
6200062062626262
6200062062000006
6200062062620006
6200062062062006
6200062062006206
6200062062000626
6200062062626206
6200062062620626
6200062062062626
6566066262000000
6566066262620000
6566066262062000
6566066262006200
6566066262626200
6566066262000620
6566066262620620
6566066262062620
6566066262000062
6566066262620062
6566066262062062
6566066262006262
6566066262626262
6566066262000006
6566066262620006
6566066262062006
6566066262006206
6566066262000626
6566066262626206
6566066262620626
6566066262062626
6200006262000000
6200006262620000
6200006262062000
6200006262006200
6200006262626200
6200006262000620
6200006262620620
6200006262062620
6200006262000062
6200006262620062
6200006262062062
6200006262006262
6200006262626262
6200006262000006
6200006262620006
6200006262062006
6200006262006206
6200006262000626
6200006262626206
6200006262620626
6200006262062626
6262620062000000
6262620062620000
6262620062062000
6262620062006200
6262620062626200
6262620062000620
6262620062620620
6262620062062620
6262620062000062
6262620062620062
6262620062062062
6262620062006262
6262620062626262
6262620062000006
6262620062620006
6262620062062006
6262620062006206
6262620062000626
6262620062626206
6262620062620626
6262620062062626
6562620062000000
6562620062620000
6562620062062000
6562620062006200
6562620062626200
6562620062000620
6562620062620620
6562620062062620
6562620062000062
6562620062620062
6562620062062062
6562620062006262
6562620062626262
6562620062000006
6562620062620006
6562620062062006
6562620062006206
6562620062000626
6562620062626206
6562620062620626
6562620062062626
6200626262000000
6200626262620000
6200626262062000
6200626262006200
6200626262626200
6200626262000620
6200626262620620
6200626262062620
6200626262000062
6200626262620062
6200626262062062
6200626262006262
6200626262626262
6200626262000006
6200626262620006
6200626262062006
6200626262006206
6200626262000626
6200626262626206
6200626262620626
6200626262062626
6566206262000000
6566206262620000
6566206262062000
6566206262006200
6566206262626200
6566206262000620
6566206262620620
6566206262062620
6566206262000062
6566206262620062
6566206262062062
6566206262006262
6566206262626262
6566206262000006
6566206262620006
6566206262062006
6566206262006206
6566206262000626
6566206262626206
6566206262620626
6566206262062626
6262062062000000
6262062062620000
6262062062062000
6262062062006200
6262062062626200
6262062062000620
6262062062620620
6262062062062620
6262062062000062
6262062062620062
6262062062062062
6262062062006262
6262062062626262
6262062062000006
6262062062620006
6262062062062006
6262062062006206
6262062062000626
6262062062626206
6262062062620626
6262062062062626
6206262062000000
6206262062620000
6206262062062000
6206262062006200
6206262062626200
6206262062000620
6206262062620620
6206262062062620
6206262062000062
6206262062620062
6206262062062062
6206262062006262
6206262062626262
6206262062000006
6206262062620006
6206262062062006
6206262062006206
6206262062000626
6206262062626206
6206262062620626
6206262062062626
6562062062000000
6562062062620000
6562062062062000
6562062062006200
6562062062626200
6562062062000620
6562062062620620
6562062062062620
6562062062000062
6562062062620062
6562062062062062
6562062062006262
6562062062626262
6562062062000006
6562062062620006
6562062062062006
6562062062006206
6562062062000626
6562062062626206
6562062062620626
6562062062062626
6566262062000000
6566262062620000
6566262062062000
6566262062006200
6566262062626200
6566262062000620
6566262062620620
6566262062062620
6566262062000062
6566262062620062
6566262062062062
6566262062006262
6566262062626262
6566262062000006
6566262062620006
6566262062062006
6566262062006206
6566262062000626
6566262062626206
6566262062620626
6566262062062626
6262006262000000
6262006262620000
6262006262062000
6262006262006200
6262006262626200
6262006262000620
6262006262620620
6262006262062620
6262006262000062
6262006262620062
6262006262062062
6262006262006262
6262006262626262
6262006262000006
6262006262620006
6262006262062006
6262006262006206
6262006262000626
6262006262626206
6262006262620626
6262006262062626
6206206262000000
6206206262620000
6206206262062000
6206206262006200
6206206262626200
6206206262000620
6206206262620620
6206206262062620
6206206262000062
6206206262620062
6206206262062062
6206206262006262
6206206262626262
6206206262000006
6206206262620006
6206206262062006
6206206262006206
6206206262000626
6206206262626206
6206206262620626
6206206262062626
6562006262000000
6562006262620000
6562006262062000
6562006262006200
6562006262626200
6562006262000620
6562006262620620
6562006262062620
6562006262000062
6562006262620062
6562006262062062
6562006262006262
6562006262626262
6562006262000006
6562006262620006
6562006262062006
6562006262006206
6562006262000626
6562006262626206
6562006262620626
6562006262062626
6566626262000000
6566626262620000
6566626262062000
6566626262006200
6566626262626200
6566626262000620
6566626262620620
6566626262062620
6566626262000062
6566626262620062
6566626262062062
6566626262006262
6566626262626262
6566626262000006
6566626262620006
6566626262062006
6566626262006206
6566626262000626
6566626262626206
6566626262620626
6566626262062626
6262626262000000
6262626262620000
6262626262062000
6262626262006200
6262626262626200
6262626262000620
6262626262620620
6262626262062620
6262626262000062
6262626262620062
6262626262062062
6262626262006262
6262626262626262
6262626262000006
6262626262620006
6262626262062006
6262626262006206
6262626262000626
6262626262626206
6262626262620626
6262626262062626
6562626262000000
6562626262620000
6562626262062000
6562626262006200
6562626262626200
6562626262000620
6562626262620620
6562626262062620
6562626262000062
6562626262620062
6562626262062062
6562626262006262
6562626262626262
6562626262000006
6562626262620006
6562626262062006
6562626262006206
6562626262000626
6562626262626206
6562626262620626
6562626262062626
6011
6462
6466
644
6500
